8905 7041 2464 2447
8881 8461 2590 2812
1525 3279 3698 4152
4122 1223 5462 4292
1180 6735 3647 6305
7685 9244 432 2489
9583 1569 7311 426
8598 9332 3093 1332
3458 6085 7721 9542
6756 5948 8879 2084
9086 9554 6124 6763
1208 8483 5517 456
9872 579 5625 950
5313 1343 2341 6982
4168 5493 1703 9012
3843 1110 925 5095
5946 458 206 2537
7395 357 8753 1384
4209 6361 3292 5517
460 3004 7424 1243
1847 1420 3924 9162
5726 5248 3438 2404
4318 6416 7225 5055
1402 7416 4596 2621
7322 8264 7639 2624
8807 3088 6204 6930
5813 4059 5707 4324
2799 841 2901 309
4954 6674 4486 229
2019 8167 6901 7419
3930 5931 8990 1412
899 962 4162 3005
5098 696 6956 4419
9175 3317 824 9832
3842 8240 5855 4985
7625 6898 2038 6654
832 685 8008 1329
1928 9549 8737 6658
1763 861 1324 523
4903 3308 2511 8544
6737 2481 9846 4889
8556 9069 5037 3779
2034 8657 9906 6115
7905 5552 522 1405
3842 1958 1634 3684
599 7689 553 1795
6530 3886 5005 8251
3390 5487 2595 270
1800 4204 1675 588
1645 6143 6867 5659
2379 1989 3243 6988
9552 5562 4104 8267
7672 8692 6189 4712
5045 1427 1255 468
735 5687 5560 4510
2671 146 198 6255
2566 6143 1493 5954
3315 884 4402 1096
3429 1844 3233 9226
3118 696 1370 6913
8729 8783 7247 1411
2461 7379 882 6286
6209 5566 6660 9866
7538 477 9473 538
7876 5508 8634 3316
310 1251 4099 9985
6457 1527 3694 2342
9330 8035 967 212
2749 8752 6834 3134
1908 1010 9538 9897
1969 5294 9499 8
9121 7449 4634 3129
4825 1971 7812 7353
2317 4676 9708 5423
2063 5733 7657 2664
2484 738 8215 3615
3725 350 6189 7120
5397 8327 7391 7917
6358 796 8948 5744
5954 877 2731 1074
8766 6594 4025 2331
2593 207 3350 315
798 1622 1834 2712
8125 9741 4658 233
1137 2257 2999 5731
4038 347 5745 8466
1513 4930 9095 7466
6749 8353 6410 1854
1611 7371 3187 8704
105 4669 7210 5227
8078 3282 4921 1822
8133 9292 8512 217
1024 1778 6938 3677
9119 2469 3200 2863
9522 3015 6012 3453
4859 782 8385 2757
759 1989 425 978
1230 8197 9071 535
6505 1730 7598 4449
1795 9720 5289 9688
451 4216 8589 3559
1034 5101 3956 2237
4568 1764 6683 9875
5507 9611 2502 4270
2939 5065 83 1543
1447 1471 2316 9817
772 2141 4225 170
5808 3592 3333 3502
4738 9035 6056 329
8652 6427 5045 8148
3555 4816 2844 2482
6862 9600 4371 8387
4830 8142 1257 7912
3645 1251 4859 919
1066 9388 8378 9218
1507 629 9356 787
2996 4323 8354 4059
4416 9016 9099 9196
2716 8275 5447 4915
3428 1590 735 5834
9673 2460 8418 5484
888 4842 8515 4890
1361 5269 81 3102
7637 7253 7367 9407
2593 8937 2021 7172
939 4907 6046 9948
1003 2405 9125 398
5420 4196 3937 8844
4499 7884 3560 9245
8111 92 5163 9818
8353 1283 6879 5065
7582 1506 2508 3193
1922 356 8969 2750
1016 4989 4183 3710
3927 4399 7724 8346
2159 6578 3619 8385
1829 2276 7891 9297
4891 8159 3981 6991
835 7547 1690 6858
2133 1972 1684 7483
399 2989 4164 687
6541 6228 172 5288
2489 5608 4309 6688
5908 3977 7788 1392
7974 2126 6297 6401
3747 749 8048 4737
319 2183 7723 9192
9491 7777 8472 9115
3999 3707 7951 1536
9586 7834 2439 8227
4249 2616 6697 2313
5268 4943 1748 4611
271 9154 5651 8133
9072 5645 7740 7351
7644 1934 6331 4060
4191 1363 974 3666
1419 774 962 969
9632 7863 542 7575
7790 632 8078 1691
1783 5807 9171 2448
7080 6471 6505 2725
4361 8408 3497 2331
3603 8776 6384 9646
2017 8482 2896 2679
5146 2150 9205 7009
5263 4913 4107 7116
4416 95 1934 879
1636 6206 6561 9120
2248 1349 6931 760
1591 676 6896 9747
1083 6078 7668 950
2323 2660 3541 4740
1461 8260 1745 34
8006 898 3893 6601
7528 69 5423 9356
5651 9094 3255 9275
1720 9060 378 2408
1841 4635 9575 104
2925 1367 4718 3627
1867 6275 2276 1631
2132 5383 252 8306
1262 5505 2419 2823
478 2083 4923 3420
2061 734 1419 4601
1391 3501 3348 4027
832 245 6007 5409
4064 171 5749 151
3121 9479 6839 6641
8254 5031 2224 5210
5838 39 3343 8542
1481 4592 489 2789
3738 7934 8822 5522
6486 5495 491 8794
4460 1849 3496 6408
2157 6642 963 9184
2126 2966 2261 4562
876 5645 7763 6482
2719 8043 384 2486
3170 2980 9697 1232
961 8047 6065 5661
